HEAPTOP 1283
IMPG 34
0 0
309 0
3 0
3 1
3 2
4 0
304 0
5 0
4 3
308 1271
300 1281
0 0
3 0
3 1
3 2
3 0
3 1
4 0
302 0
5 0
4 2
307 1259
298 1268
0 0
3 0
3 1
3 0
3 1
4 0
304 0
5 0
4 2
306 1248
298 1257
0 0
3 0
3 1
3 0
3 1
4 1
304 0
5 0
4 2
284 1237
298 1246
0 0
3 0
3 1
3 5
305 0
3 5
303 0
111 0
149 1233
3 4
3 3
196 1229
145 1231
145 1227
149 1235
3 5
302 0
111 0
149 1223
3 3
3 4
196 1219
145 1221
3 0
3 2
3 4
81 1215
145 1217
3 0
3 1
3 3
81 1210
145 1212
145 1207
144 1225
5 0
4 6
301 1198
144 1205
0 0
3 0
3 1
3 2
3 5
3 2
305 0
3 2
303 0
111 0
149 1192
3 1
3 0
196 1188
145 1190
145 1186
149 1194
3 2
302 0
111 0
149 1182
3 0
3 1
196 1178
145 1180
145 1176
144 1184
5 1203
4 3
301 1167
144 1174
0 0
4 0
3 0
3 1
3 2
5 0
4 1
300 1159
0 0
3 0
137 0
3 0
1 0
1 0
5 1163
4 1
300 1149
111 0
0 0
137 0
3 0
3 0
1 0
1 0
3 5
3 6
3 7
3 0
3 8
3 4
3 1
149 1139
300 1144
111 0
145 1137
3 1
3 5
138 1133
3 6
3 7
3 0
3 8
3 4
3 2
149 1126
300 1131
111 0
145 1124
3 8
304 0
149 1120
145 1122
145 1118
145 1135
3 1
3 5
138 1114
3 6
3 7
3 0
3 8
3 4
3 2
149 1107
300 1112
111 0
145 1105
3 3
303 0
149 1101
145 1103
145 1099
144 1116
3 2
3 6
3 5
138 1095
3 7
3 0
3 8
3 4
3 1
149 1088
300 1093
111 0
145 1086
3 3
302 0
149 1082
145 1084
145 1080
144 1097
3 0
3 1
3 2
3 3
5 1154
4 9
300 1059
111 0
301 1076
144 1078
0 0
3 4
3 7
3 2
3 6
3 1
3 5
138 1061
138 1063
138 1065
3 0
3 8
5 0
4 1
299 1050
0 0
1 0
3 0
137 0
3 0
3 1
3 2
3 3
3 4
5 1054
4 5
299 1028
111 0
299 1046
0 0
3 0
3 3
3 0
3 2
1 0
3 1
1 0
138 1032
138 1030
138 1034
138 1036
3 4
3 7
3 8
3 9
3 4
3 5
3 6
3 8
3 4
3 5
3 2
3 3
138 1015
3 7
3 4
3 5
3 1
3 0
3 0
138 1009
3 3
3 6
5 0
4 10
298 991
299 1007
298 1013
298 1019
300 1024
0 0
3 1
3 0
3 2
138 995
138 993
3 9
3 4
3 5
5 1003
4 1
298 979
0 0
3 0
137 0
3 0
137 0
138 981
138 983
1 0
1 0
5 987
4 0
298 971
0 0
137 0
137 0
1 0
1 0
5 0
4 0
294 963
0 0
137 0
1 0
3 2
3 1
3 0
3 1
5 967
4 3
294 948
152 959
111 0
294 961
0 0
3 0
3 2
138 950
3 1
3 4
3 1
3 3
3 0
4 1
3 4
133 943
3 2
3 3
3 0
3 1
3 2
5 0
4 5
297 925
81 937
293 939
123 941
111 0
297 946
0 0
3 0
3 1
3 3
5 934
4 0
297 917
111 0
0 0
4 0
1 0
1 0
3 1
3 0
3 2
3 0
1 0
3 1
5 0
4 3
293 902
80 911
297 914
0 0
3 0
3 2
3 0
3 1
3 0
5 908
4 2
293 890
70 898
111 0
152 900
0 0
3 0
3 1
5 0
4 4
295 876
111 0
0 0
3 2
3 3
3 0
3 1
3 3
3 0
3 1
280 879
3 2
133 881
131 883
5 888
4 4
295 860
111 0
0 0
3 2
3 3
3 0
3 1
3 3
3 0
3 1
279 863
3 2
133 865
131 867
5 872
4 4
295 844
111 0
0 0
3 2
3 3
3 0
3 1
3 3
3 0
3 1
277 847
3 2
133 849
131 851
5 856
4 4
295 828
111 0
0 0
3 2
3 3
3 0
3 1
3 3
3 0
3 1
274 831
3 2
133 833
131 835
5 840
4 3
295 815
111 0
0 0
3 1
3 2
3 2
3 0
273 817
3 1
3 0
131 819
5 824
4 1
295 805
111 0
0 0
1 0
147 806
3 0
112 0
3 0
5 811
4 1
295 795
111 0
0 0
1 0
148 796
3 0
112 0
3 0
3 5
3 1
3 3
3 6
3 7
3 0
4 1
3 5
133 786
3 2
3 3
3 4
3 6
3 0
3 1
3 2
5 0
4 8
296 766
81 778
281 782
123 784
111 0
296 791
0 0
3 0
3 1
3 3
3 4
3 7
5 775
4 1
296 756
111 0
0 0
4 0
1 0
1 0
3 0
3 0
3 1
3 0
3 2
3 3
3 4
3 0
1 0
3 1
5 0
4 5
281 737
80 746
296 751
0 0
3 0
3 2
3 3
3 4
3 2
3 3
3 4
3 5
3 0
3 1
3 2
3 3
5 743
4 6
281 718
295 729
111 0
281 733
0 0
3 0
3 1
3 4
3 5
3 1
5 725
4 2
281 707
70 714
111 0
0 0
3 1
1 0
3 0
3 0
3 1
3 0
3 2
3 0
3 0
5 713
4 3
281 688
70 699
293 701
294 703
111 0
0 0
3 0
3 1
3 0
3 2
3 1
138 690
3 0
3 1
3 2
5 0
4 3
292 676
285 684
0 0
3 0
1 0
1 0
3 1
3 2
5 681
4 2
292 667
0 0
1 0
3 0
3 1
3 0
3 1
5 671
4 2
292 657
111 0
0 0
137 0
3 0
3 1
3 0
3 1
5 0
4 1
291 648
0 0
3 0
1 0
137 0
3 0
3 3
3 2
3 4
3 5
3 1
3 2
5 652
4 6
291 625
151 640
111 0
291 644
0 0
3 0
3 4
3 1
3 0
133 629
3 3
138 627
3 2
138 631
3 5
3 3
3 4
3 2
3 1
138 621
3 5
3 6
3 0
3 1
3 4
3 2
5 0
4 7
285 600
291 614
292 619
0 0
3 1
3 3
133 604
3 0
138 602
3 5
3 6
3 4
3 1
3 2
3 0
4 1
3 4
133 594
3 0
3 2
3 3
3 0
3 1
3 3
5 0
4 5
290 576
81 587
81 590
123 592
290 597
0 0
3 0
3 1
3 2
3 3
3 4
3 1
3 0
4 1
3 3
133 570
3 2
3 0
3 1
3 2
5 584
4 5
290 553
81 565
71 566
111 0
123 568
290 573
0 0
3 0
3 4
3 1
5 562
4 0
290 545
111 0
0 0
4 0
1 0
1 0
3 2
3 3
133 542
3 4
3 1
3 0
138 540
3 5
3 0
3 1
3 2
5 0
4 6
289 522
290 534
111 0
283 538
0 0
3 2
3 3
133 524
3 1
3 0
3 4
3 5
5 531
4 1
289 512
111 0
0 0
287 0
1 0
1 0
3 0
3 0
3 0
3 1
3 2
3 3
3 4
3 0
286 502
5 0
4 5
283 493
98 501
111 0
289 507
0 0
3 1
3 2
3 3
3 4
3 0
3 1
138 489
3 2
5 0
4 3
288 479
276 487
0 0
3 0
132 480
3 1
3 2
3 0
3 1
5 485
4 2
288 468
111 0
149 476
0 0
287 0
3 1
3 0
3 0
3 1
3 2
3 0
286 462
5 0
4 3
276 453
98 461
111 0
288 465
0 0
3 1
3 2
5 0
4 0
275 447
0 0
1 0
1 0
3 1
286 445
3 0
287 0
286 442
5 451
4 2
275 432
92 441
110 443
92 444
112 0
0 0
3 1
3 0
3 2
137 0
137 0
3 2
3 0
132 426
3 1
5 0
4 3
280 416
275 425
276 428
152 430
0 0
3 0
3 1
3 2
3 7
3 8
3 6
3 3
3 8
3 5
3 6
3 3
3 4
137 0
3 5
3 3
3 1
133 402
3 0
3 3
282 0
3 4
282 0
3 2
3 3
138 395
3 2
137 0
3 0
3 1
137 0
3 2
5 423
4 9
280 370
281 389
152 391
111 0
83 393
80 398
275 400
283 406
284 408
111 0
285 411
149 413
0 0
3 1
3 0
3 7
3 2
3 3
3 0
3 1
3 2
5 0
4 4
279 356
280 365
85 367
0 0
3 0
3 1
3 3
3 2
3 3
3 0
132 351
3 1
5 0
4 4
278 342
275 350
276 353
0 0
3 0
3 1
3 2
3 3
3 2
3 3
137 0
3 2
3 0
132 334
3 1
5 0
4 4
277 324
275 333
276 336
85 338
0 0
3 0
3 1
3 3
137 0
3 2
3 0
132 319
3 1
5 0
4 3
274 310
275 318
276 321
0 0
3 0
3 1
3 2
5 0
4 1
273 302
3 0
0 0
1 0
3 0
272 0
3 0
3 0
271 0
5 0
4 1
268 0
40 297
39 298
111 0
110 299
111 0
112 0
0 0
3 1
270 0
149 286
148 284
113 0
146 283
52 0
3 1
269 0
149 279
118 0
146 277
113 0
3 1
267 0
149 273
268 0
146 271
113 0
144 269
3 0
137 0
3 1
138 266
3 0
266 0
265 0
5 0
4 2
156 0
44 0
40 260
44 0
114 0
40 261
35 262
82 264
110 267
144 275
144 281
111 0
0 0
156 0
3 2
3 3
128 243
3 3
3 1
3 2
3 0
3 0
3 1
5 0
4 4
128 236
204 238
204 240
111 0
207 241
0 0
3 2
3 3
126 226
3 3
3 1
3 2
3 0
3 0
3 1
5 0
4 4
126 219
204 221
204 223
111 0
207 224
0 0
3 2
3 3
127 209
3 3
3 1
3 2
3 0
3 0
3 1
5 0
4 4
127 202
204 204
204 206
111 0
207 207
0 0
3 2
3 3
125 192
3 3
3 1
3 2
3 0
3 0
3 1
5 0
4 4
125 185
204 187
204 189
111 0
207 190
0 0
3 2
3 3
130 175
3 3
3 1
3 2
3 0
3 0
3 1
5 0
4 4
130 168
204 170
204 172
111 0
207 173
0 0
3 2
3 3
129 158
3 3
3 1
3 2
3 0
3 0
3 1
5 0
4 4
129 151
204 153
204 155
111 0
207 156
0 0
3 0
3 2
3 2
3 1
3 0
3 1
5 0
4 3
124 137
204 139
111 0
206 141
0 0
3 0
3 1
5 135
4 2
124 119
111 0
206 128
0 0
3 1
3 0
202 120
3 0
5 0
4 1
110 117
3 0
0 0
3 0
5 0
4 1
138 105
105 111
0 0
3 0
137 0
3 1
3 2
3 0
5 110
4 3
138 92
105 101
138 103
0 0
3 1
3 2
3 0
138 94
3 0
3 1
5 0
4 2
150 90
0 0
3 0
3 0
5 88
4 1
150 84
111 0
112 0
0 0
3 0
3 0
5 0
4 1
149 76
0 0
3 0
5 0
4 1
148 70
0 0
3 0
5 69
4 1
148 65
3 0
111 0
112 0
0 0
3 0
5 0
4 1
147 57
0 0
3 0
5 56
4 1
147 52
3 0
111 0
112 0
0 0
5 0
4 0
113 0
0 0
5 40
4 0
114 0
0 0
3 0
3 1
5 0
4 2
146 36
3 0
111 0
3 1
0 0
3 0
3 1
5 0
4 2
144 27
3 1
0 0
3 0
3 1
5 25
4 2
144 20
3 0
0 0
3 0
3 1
5 0
4 2
145 13
3 0
3 1
0 0
1997 0
162 0
161 0
160 0
159 0
ATOMHTOP 309 LASTATOM 264
0 0 0 0 0 0 0
0 0 0 0 0 0 1027
0 0 0 0 0 0 1027
0 0 0 0 0 0 1027
0 0 0 0 0 0 1027
0 0 0 0 0 0 0
0 0 0 0 0 0 0
0 0 0 0 0 0 0
0 0 0 0 0 0 0
0 0 0 0 0 0 0
1 0 128 11 0 0 17409
1 0 132 18 0 0 17409
0 0 139 272 0 0 17409
1 0 144 14 0 0 17409
1 0 149 293 0 0 17409
0 0 157 153 0 0 17409
1 0 162 217 0 0 17409
1 0 167 33 0 0 17409
2 0 173 12 0 0 17409
1 0 6 20 0 0 17409
1 0 12 0 0 0 17409
1 0 19 268 0 0 17409
1 0 27 220 0 0 17409
0 0 32 158 0 0 17409
1 0 1 106 25 0 17409
2 0 1 24 0 0 1025
1 0 38 22 0 0 17409
1 0 51 0 0 0 17409
0 0 66 157 0 0 17409
0 0 71 28 0 0 17409
0 0 75 62 0 0 17409
1 0 78 13 0 0 17409
1 0 42 85 0 0 17409
0 0 55 301 0 0 17409
2 0 59 73 0 0 17409
1 0 47 91 0 0 17409
1 0 178 37 0 0 17409
1 0 192 43 0 0 17409
1 0 185 39 0 0 17409
1 0 200 41 0 0 17409
1 0 208 0 0 0 17409
1 0 217 45 0 0 17409
0 0 225 36 0 0 17409
2 0 232 44 0 0 17409
0 0 256 38 0 0 17409
1 0 242 40 0 0 17409
1 0 249 42 0 0 17409
2 0 262 214 0 0 17408
2 0 268 66 0 0 17409
0 0 275 19 0 0 17409
1 0 282 49 0 0 17409
1 0 288 52 0 0 1025
0 0 288 113 51 0 17409
0 0 294 167 0 0 17409
1 0 326 120 0 0 17409
1 0 330 253 0 0 17409
1 0 302 115 0 0 17409
1 0 307 224 0 0 17409
1 0 312 204 0 0 17409
1 0 319 164 0 0 17409
1 0 82 61 0 0 1025
0 0 82 274 60 0 17409
0 0 93 88 0 0 17409
1 0 336 219 0 0 17409
1 0 344 72 156 0 17409
1 0 354 114 0 0 17409
1 0 363 69 0 0 17419
1 0 410 64 0 0 17420
1 0 418 0 0 0 17409
1 0 425 0 0 0 17409
1 0 490 213 0 0 17418
1 0 494 55 0 0 17409
1 0 501 123 0 0 17409
1 0 507 0 0 0 17409
1 0 432 276 0 0 17409
1 0 474 285 0 0 17409
1 0 483 252 0 0 17409
1 0 368 78 0 0 17410
3 0 381 79 0 0 17410
1 0 392 0 0 0 17410
3 0 514 168 0 0 17409
3 0 522 215 0 0 17409
2 0 526 256 0 0 17409
2 0 531 129 0 700 17489
2 0 928 54 0 0 17409
2 0 934 84 0 0 17409
2 0 437 87 0 0 17410
2 0 444 300 0 0 17422
2 0 454 71 0 0 17423
3 0 464 63 0 0 17409
1 0 535 0 0 0 16384
1 0 543 92 94 0 17409
1 0 550 93 95 0 17409
1 0 558 48 96 0 17409
2 0 543 91 97 0 1025
2 0 550 92 0 0 1025
2 0 558 93 0 0 1025
3 0 543 91 0 0 1025
1 0 566 99 100 0 17410
1 0 574 0 0 0 17409
2 0 566 98 0 0 1026
1 0 585 118 102 0 17409
2 0 585 101 0 0 1025
2 0 593 17 104 0 17410
3 0 593 103 0 0 1026
1 0 600 77 0 0 17409
1 0 608 177 0 0 17409
1 0 618 108 0 0 1025
0 0 618 0 107 0 17409
3 0 910 16 0 0 17409
1 116 681 103 175 0 17408
0 0 626 0 0 0 17412
0 0 628 178 0 0 17417
0 44 633 46 0 0 17408
0 40 638 290 0 0 17408
0 0 645 211 0 0 17409
0 0 657 299 0 0 17409
1 0 662 295 0 0 17409
0 0 667 165 0 0 17409
0 0 673 98 0 0 17409
0 0 904 161 0 0 17409
0 0 686 205 0 0 16384
1 0 692 275 0 0 17409
2 0 697 0 0 700 17489
0 126 0 0 0 0 0
2 183 700 186 302 700 17488
2 217 702 151 304 700 17488
2 200 705 128 303 700 17488
2 234 707 187 0 700 17488
2 149 710 126 0 700 17488
2 166 714 0 0 700 17488
2 0 718 0 0 500 16496
1 0 720 133 0 300 32
2 0 720 146 287 500 16496
2 0 722 0 0 400 16496
2 0 724 195 193 400 16496
2 0 726 0 0 400 16496
0 0 730 266 0 0 17408
2 100 733 0 282 300 17504
0 0 735 0 140 0 17408
1 0 735 139 0 0 1024
2 0 738 0 142 1200 17489
1 0 738 141 0 1200 1040
1 0 741 0 0 1200 17424
2 18 744 0 0 1100 17504
2 11 749 0 0 1000 17504
2 34 746 0 0 1050 17504
1 51 751 53 0 800 17440
1 64 755 150 0 800 17440
2 74 758 83 305 700 17488
2 82 760 152 0 700 17488
2 0 763 0 0 700 17489
2 0 766 0 0 700 17489
0 0 770 52 0 0 16384
0 0 779 67 0 0 16384
0 0 790 176 0 0 16384
0 259 344 64 0 0 1024
2 0 797 203 0 0 16384
1 0 803 166 0 0 16384
0 0 811 160 0 0 16384
0 0 817 162 0 0 16384
0 0 824 159 0 0 16384
0 0 831 76 0 0 16384
0 0 840 109 0 0 16384
0 0 843 163 0 0 16384
0 0 847 208 0 0 16384
0 0 851 0 0 0 16384
0 0 856 68 0 0 16384
0 0 861 169 0 0 16384
0 0 864 0 0 0 16384
0 0 867 172 0 0 16384
0 0 870 174 0 0 16384
0 0 873 173 0 0 16384
0 0 877 0 0 0 16384
0 0 881 0 0 0 16384
0 0 681 110 0 0 0
0 0 885 27 0 0 16384
0 0 892 65 0 0 16384
0 0 897 61 0 0 16384
1 0 913 21 0 0 17409
1 0 918 10 0 0 17409
1 0 924 89 0 0 17409
0 0 970 86 0 0 16384
0 0 977 306 0 0 16384
0 0 984 185 0 0 16384
0 0 993 182 0 0 16384
2 0 1002 0 0 600 16480
2 0 1005 0 0 600 16480
2 0 1008 191 0 650 16480
2 0 1010 148 0 650 16480
1 0 1018 0 0 300 16416
2 0 1012 0 0 650 16480
2 0 1015 0 0 650 16480
1 0 724 135 0 300 32
0 0 0 0 0 0 0
2 0 1020 0 0 400 16496
2 0 1023 200 0 700 17489
2 0 1026 198 0 700 17489
2 0 1030 199 0 700 17489
2 0 1033 0 0 700 17489
2 0 1037 197 0 700 17489
2 0 1040 0 0 700 17489
1 0 1049 0 0 650 16416
1 0 1044 117 0 0 16384
2 0 939 47 0 0 17415
2 0 955 0 0 0 17409
2 0 949 58 0 0 17409
1 0 963 206 0 0 17409
1 0 1081 81 0 0 17409
1 0 1061 155 0 0 17409
1 0 1069 309 0 0 17409
3 0 1074 29 0 0 17409
2 0 1051 0 0 999 16480
0 0 1053 0 0 0 17409
1 0 1091 254 0 0 17421
1 0 1120 216 0 0 17409
2 0 1125 35 0 0 17409
1 0 1097 0 0 0 17409
1 0 1114 15 0 0 17409
1 0 1155 0 0 0 17409
2 0 1148 34 0 0 17409
0 0 0 0 0 0 0
3 0 1130 218 0 0 17409
3 0 1135 179 0 0 17409
1 0 1140 50 0 0 17409
0 0 0 0 0 0 0
0 0 0 0 0 0 0
0 0 0 0 0 0 0
0 0 0 0 0 0 0
0 0 0 0 0 0 0
0 0 0 0 0 0 0
0 0 0 0 0 0 0
0 0 0 0 0 0 0
0 0 0 0 0 0 0
0 0 0 0 0 0 0
0 0 0 0 0 0 0
0 0 0 0 0 0 0
0 0 0 0 0 0 0
0 0 0 0 0 0 0
0 0 0 0 0 0 0
0 0 0 0 0 0 0
0 0 0 0 0 0 0
0 0 0 0 0 0 0
0 0 0 0 0 0 0
0 0 0 0 0 0 0
0 0 0 0 0 0 0
0 0 0 0 0 0 0
0 0 0 0 0 0 0
0 0 0 0 0 0 0
0 0 0 0 0 0 0
0 0 0 0 0 0 0
0 0 0 0 0 0 0
0 0 106 181 0 0 17409
0 0 116 147 0 0 17409
2 0 1162 121 0 0 16385
1 0 1170 260 0 0 16386
2 0 1177 30 0 0 16385
2 0 1185 258 0 0 16385
2 0 1193 222 0 0 16385
1 0 1202 154 0 0 16385
1 0 1213 26 0 0 16386
2 0 1220 255 0 0 16385
0 0 0 0 0 0 0
3 0 1231 0 0 0 16385
3 0 1243 82 0 0 16385
0 0 1248 0 0 0 16640
0 0 1260 0 0 0 16640
0 0 1266 196 0 0 16640
0 296 1268 0 0 0 17664
0 0 1279 0 0 0 16640
0 0 1281 0 0 0 16640
0 0 1283 0 0 0 16640
0 0 1289 279 0 0 16640
2 307 1296 0 0 800 16736
3 316 1298 277 278 0 16640
2 440 1306 180 0 0 16640
2 460 1321 294 288 0 16640
3 331 1336 281 0 0 16640
4 348 1298 274 0 0 256
3 362 1344 32 0 0 16640
3 385 1350 0 0 0 16640
4 698 1356 80 296 0 16640
0 0 733 138 0 0 256
4 500 1321 276 289 0 256
2 1242 1371 298 0 0 16640
3 610 1380 105 291 0 16640
1 0 1398 0 0 0 16640
0 0 720 133 132 0 256
3 474 1321 276 283 0 256
5 517 1321 276 0 0 256
3 550 1402 119 0 0 16640
4 638 1380 285 292 0 256
5 662 1380 285 0 0 256
2 897 1424 257 297 0 16640
2 957 1440 108 0 0 16640
4 801 1456 263 0 0 16640
5 761 1356 281 0 0 256
3 922 1424 293 0 0 256
4 975 1473 0 307 0 16640
4 1042 1479 210 0 0 16640
5 1072 1485 183 308 0 16640
4 1172 1491 75 0 0 16640
0 0 700 125 0 0 256
0 0 705 127 0 0 256
0 0 702 126 0 0 256
0 0 758 149 0 0 256
2 1253 1499 136 0 0 16640
2 1264 1473 298 0 0 256
3 1276 1485 300 0 0 256
0 0 1506 0 0 0 16640
STRINGHTOP 1516
 0
 114 101 97 100 0
 119 114 105 116 101 0
 119 114 105 116 101 113 0
 100 105 115 112 108 97 121 0
 103 101 116 48 0
 117 110 103 101 116 0
 103 101 116 0
 115 107 105 112 0
 97 115 107 0
 112 117 116 0
 99 108 115 0
 103 111 116 111 120 121 0
 101 111 108 110 0
 101 111 102 0
 110 108 0
 116 97 98 0
 102 105 108 101 101 114 114 111 114 115 0
 110 111 102 105 108 101 101 114 114 111 114 115 0
 115 121 110 101 99 108 111 115 101 0
 110 111 115 121 110 101 99 108 111 115 101 0
 115 101 101 0
 115 101 101 105 110 103 0
 115 101 101 110 0
 116 101 108 108 0
 116 101 108 108 105 110 103 0
 116 111 108 100 0
 111 112 101 110 0
 99 108 111 115 101 0
 115 101 101 107 0
 116 116 121 103 101 116 0
 116 116 121 112 117 116 0
 116 116 121 103 101 116 48 0
 116 116 121 114 101 97 100 0
 116 116 121 119 114 105 116 101 0
 116 116 121 115 107 105 112 0
 116 116 121 99 108 115 0
 116 116 121 103 111 116 111 120 121 0
 116 116 121 116 97 98 0
 116 116 121 97 115 107 0
 116 116 121 110 108 0
 36 102 105 108 101 0
 97 115 115 105 103 110 0
 119 105 110 100 111 119 0
 119 103 101 116 48 0
 116 114 97 99 101 0
 110 111 116 114 97 99 101 0
 101 99 104 111 0
 119 97 114 110 0
 36 100 101 98 117 103 0
 111 99 104 101 99 107 0
 115 112 121 0
 110 111 115 112 121 0
 115 121 115 109 111 100 101 0
 105 110 116 101 114 114 117 112 116 0
 114 101 100 117 99 105 110 103 0
 97 116 111 109 0
 99 117 114 114 101 110 116 95 97 116 111 109 0
 99 117 114 114 101 110 116 95 111 112 0
 99 117 114 114 101 110 116 95 112 114 101 100 105 99 97 116 101 0
 105 110 116 101 103 101 114 0
 110 117 109 98 101 114 0
 97 116 111 109 105 99 0
 108 105 115 116 0
 109 101 109 98 101 114 0
 109 101 109 98 101 114 99 104 107 0
 110 111 110 109 101 109 98 101 114 0
 115 121 115 97 112 112 101 110 100 0
 99 111 109 112 111 117 110 100 0
 115 116 114 105 110 103 0
 118 97 114 0
 110 111 110 118 97 114 0
 105 110 118 97 114 0
 103 114 111 117 110 100 0
 102 117 110 99 116 111 114 0
 97 114 103 0
 110 97 109 101 0
 61 46 46 0
 95 100 98 95 114 101 102 0
 97 115 115 101 114 116 0
 97 115 115 101 114 116 97 0
 97 115 115 101 114 116 122 0
 114 101 116 114 97 99 116 0
 114 101 116 114 97 99 116 97 108 108 0
 97 98 111 108 105 115 104 0
 99 108 97 117 115 101 0
 99 111 110 115 117 108 116 0
 114 101 99 111 110 115 117 108 116 0
 108 105 115 116 105 110 103 0
 33 0
 102 97 105 108 0
 116 114 117 101 0
 114 101 112 101 97 116 0
 101 110 100 95 111 102 95 102 105 108 101 0
 104 97 108 116 0
 101 120 105 116 0
 97 98 111 114 116 0
 114 101 115 116 97 114 116 0
 99 97 108 108 0
 36 109 97 105 110 0
 115 97 118 101 0
 105 115 0
 60 0
 61 60 0
 62 0
 62 61 0
 61 58 61 0
 61 92 61 0
 43 0
 45 0
 42 0
 47 0
 109 111 100 0
 91 93 0
 46 0
 123 125 0
 58 45 0
 63 45 0
 59 0
 45 62 0
 44 0
 110 111 116 0
 92 43 0
 61 0
 92 61 0
 61 61 0
 92 61 61 0
 116 111 112 108 101 118 101 108 0
 105 110 105 116 105 97 108 105 122 101 0
 112 114 111 109 112 116 0
 101 114 114 111 114 0
 117 110 107 110 111 119 110 0
 115 116 100 105 110 0
 115 116 100 111 117 116 0
 115 116 100 101 114 114 0
 115 116 100 116 114 97 99 101 0
 111 110 0
 111 102 102 0
 97 108 108 0
 117 115 101 114 0
 110 117 108 108 0
 102 120 0
 102 121 0
 120 102 0
 121 102 0
 120 102 120 0
 120 102 121 0
 121 102 120 0
 112 114 111 118 101 100 0
 114 101 100 111 0
 102 97 105 108 101 100 0
 115 116 97 116 115 0
 111 112 0
 100 105 99 116 0
 115 100 105 99 116 0
 115 121 115 0
 115 111 114 116 49 0
 115 111 114 116 0
 36 101 118 97 108 117 97 116 101 0
 36 100 97 115 115 0
 36 114 101 100 117 99 101 0
 36 97 99 111 109 112 0
 109 97 120 105 110 116 0
 109 105 110 105 110 116 0
 109 97 120 97 114 105 116 121 0
 109 97 120 100 101 112 116 104 0
 60 60 0
 62 62 0
 38 0
 92 0
 38 38 0
 92 92 0
 126 0
 47 47 0
 64 60 0
 64 61 60 0
 64 62 0
 64 62 61 0
 64 61 0
 64 92 61 0
 101 118 97 108 0
 96 0
 10 0
 118 101 114 115 105 111 110 0
 112 114 105 118 97 116 101 0
 104 105 100 101 0
 101 110 115 117 114 101 0
 97 110 99 101 115 116 111 114 115 0
 36 103 111 116 111 0
 111 112 101 114 97 116 105 110 103 95 115 121 115 116 101 109 0
 116 105 109 101 114 0
 97 114 103 99 0
 97 114 103 118 0
 116 105 109 101 0
 100 97 116 101 0
 119 101 101 107 100 97 121 0
 103 101 116 101 110 118 0
 115 121 115 116 101 109 0
 36 108 101 110 103 116 104 0
 103 101 110 105 110 116 0
 110 97 109 101 108 103 116 0
 116 101 114 109 108 103 116 0
 116 101 114 109 115 105 122 101 0
 105 100 101 110 116 105 102 105 101 114 0
 103 101 110 118 97 114 0
 103 101 110 102 114 101 101 118 97 114 0
 101 120 116 101 110 100 95 110 97 109 101 0
 110 95 116 104 0
 73 110 116 101 114 114 117 112 116 101 100 0
 91 116 64 97 93 0
 64 0
 100 111 95 115 117 98 99 97 108 108 0
 97 0
 116 0
 124 32 63 45 32 0
 115 101 116 95 111 102 0
 94 0
 102 105 110 100 97 108 108 0
 115 97 118 101 95 105 110 115 116 97 110 99 101 115 0
 108 105 115 116 95 105 110 115 116 97 110 99 101 115 0
 102 105 110 100 115 101 116 0
 115 101 116 111 102 0
 98 97 103 111 102 0
 102 114 101 101 95 118 97 114 105 97 98 108 101 115 0
 107 101 121 107 115 111 114 116 0
 99 111 110 99 111 114 100 97 110 116 95 115 117 98 115 101 116 0
 115 32 115 0
 114 101 112 108 97 99 101 95 107 101 121 95 118 97 114 105 97 98 108 101 115 0
 116 101 114 109 95 105 115 95 102 114 101 101 95 111 102 0
 108 105 115 116 95 105 115 95 102 114 101 101 95 111 102 0
 101 120 112 108 105 99 105 116 95 98 105 110 100 105 110 103 0
 107 115 111 114 116 0
 104 97 108 118 101 0
 109 101 114 103 101 0
 99 111 109 112 97 114 101 0
 109 107 115 111 114 116 0
 104 117 112 108 115 116 97 116 101 0
 0
HASHTAB
0
0
0
0
0
0
0
0
0
0
0
0
0
0
0
0
0
0
0
0
212
0
0
0
0
0
0
0
0
0
0
0
0
0
0
0
0
0
0
0
0
0
0
0
0
0
0
0
0
0
0
0
0
0
0
0
0
0
0
0
0
0
0
0
0
0
111
0
0
0
0
0
0
207
0
0
188
0
0
0
0
0
0
0
134
0
131
0
145
0
133
0
138
0
135
0
0
0
0
0
0
0
0
0
0
0
0
0
0
0
0
0
0
0
0
0
141
0
144
0
125
0
149
130
127
0
143
0
267
201
0
0
0
0
0
0
0
0
0
0
0
0
0
0
0
0
0
265
0
0
0
0
0
0
0
0
0
0
0
0
0
0
0
0
0
0
0
0
0
0
0
0
0
0
0
0
0
0
0
0
0
0
0
137
189
192
0
0
273
0
0
90
202
0
269
101
0
280
0
110
0
223
0
56
0
112
0
261
0
116
0
259
0
0
0
284
0
74
0
184
0
264
0
59
0
209
0
0
0
24
286
122
270
31
0
23
0
70
0
57
0
170
0
171
0
0
0
139
271
0
0
0
190
0
0
0
0
FREELIST
0
0
0
0
0
0
0
0
0
0
0
0
0
0
0
0
0
0
0
0
0
0
0
0
0
0
0
0
0
0
0
0
0
0
0
0
0
0
0
0
0
0
0
0
0
0
0
0
0
0
0
0
0
0
0
0
0
0
0
0
0
0
0
0
0
0
0
0
0
0
0
0
0
0
0
0
0
0
0
0
0
0
0
0
0
0
0
0
0
0
0
0
0
0
0
0
0
0
0
0
0
0
0
0
0
0
0
0
0
0
0
0
0
0
0
0
0
0
0
0
0
0
0
0
0
0
0
0
